Loan_No,Loan_Product_Type,Client_Code,Issued_Date,Approved_Amount,Manager,Recruiter,Installments,Expected_Date_of_Completion
A00012,BIASHARA6W,C01440,2025-03-18,5000,MAGDALENE,JWAMBUA,6,2025-04-29
A00019,BIASHARA6W,C01430,2025-03-18,5000,JOSEPH,JOSEPH,6,2025-04-29
A00020,INUKA8WKS,C01420,2025-03-18,7000,MAGDALENE,JWAMBUA,8,2025-05-13
A00021,BIASHARA6W,C01410,2025-03-18,5000,JOSEPH,JOSEPH,6,2025-04-29
A00022,INUKA6WKS,C01400,2025-03-18,7000,JOSEPH,JOSEPH,6,2025-04-29
A00023,INUKA 4WKS,C01390,2025-03-18,7000,JOSEPH,JOSEPH,4,2025-04-15
A00025,INUKA6WKS,C01380,2025-03-18,6000,JOSEPH,JOSEPH,6,2025-04-29
A00026,BIASHARA4W,C00500,2025-03-19,5000,JOHN,PATRICK,4,2025-04-16
A00028,INUKA 4WKS,C01370,2025-03-18,7000,ABEDNEGO,ABEDNEGO,4,2025-04-15
A00029,BIASHARA6W,C00540,2025-03-18,5000,JOSEPH,JOSEPH,6,2025-04-15
A00030,INUKA 4WKS,C00840,2025-03-31,7000,MAGDALENE,JWAMBUA,4,2025-04-28
A00032,BIASHARA6W,C01360,2025-03-18,5000,JOHN,PATRICK,6,2025-04-29
A00033,INUKA6WKS,C01350,2025-03-18,7000,JOHN,PATRICK,6,2025-04-29
A00035,BIASHARA6W,C01680,2025-03-31,5000,JOSEPH,JOSEPH,6,2025-05-12
A00036,BIASHARA4W,C01340,2025-03-18,5000,ABEDNEGO,ABEDNEGO,4,2025-04-15
A00037,BIASHARA4W,C01690,2025-03-31,5000,JOSEPH,JOSEPH,4,2025-04-28
A00039,BIASHARA6W,C01670,2025-03-31,5000,JOSEPH,JOSEPH,6,2025-05-12
A00054,BIASHARA6W,C01660,2025-03-31,5000,MAGDALENE,JWAMBUA,6,2025-05-12
A00055,INUKA 4WKS,C01710,2025-04-01,8000,JOSEPH,JOSEPH,4,2025-04-29
A00056,BIASHARA6W,C01700,2025-04-01,5000,JOSEPH,JOSEPH,6,2025-05-13
A00057,BIASHARA4W,C01190,2025-04-01,5000,ABEDNEGO,ABEDNEGO,4,2025-04-29
A00058,BIASHARA4W,C01030,2025-04-01,5000,MAGDALENE,JWAMBUA,4,2025-04-29
A00059,INUKA 4WKS,C01000,2025-03-31,10000,MAGDALENE,JWAMBUA,4,2025-04-28
A00060,BIASHARA6W,C00550,2025-03-24,5000,JOSEPH,JOSEPH,6,2025-05-05
A00061,BIASHARA6W,C00570,2025-03-24,5000,MAGDALENE,JWAMBUA,6,2025-05-05
A00062,INUKA 4WKS,C00720,2025-03-21,8000,JOHN,PATRICK,4,2025-04-18
A00063,INUKA6WKS,C00640,2025-04-02,7000,JOSEPH,JOSEPH,6,2025-05-14
A00074,INUKA 4WKS,C00890,2025-03-24,6000,JOSEPH,JOSEPH,4,2025-04-21
A00075,BIASHARA4W,C00770,2025-03-24,5000,MAGDALENE,JWAMBUA,4,2025-04-21
A00076,BIASHARA4W,C00960,2025-03-24,5000,JOHN,PATRICK,4,2025-04-21
A00077,INUKA 4WKS,C00740,2025-04-02,8000,JOHN,PATRICK,4,2025-05-07
A00078,INUKA 4WKS,C01730,2025-04-02,7000,ABEDNEGO,ABEDNEGO,4,2025-04-30
A00079,BIASHARA6W,C01740,2025-04-02,5000,ABEDNEGO,ABEDNEGO,6,2025-05-14
A00080,BIASHARA6W,C01760,2025-04-02,5000,JOHN,PATRICK,6,2025-05-14
A00081,BIASHARA6W,C01750,2025-04-02,5000,JOHN,PATRICK,6,2025-05-14
A00085,INUKA6WKS,C01330,2025-03-18,10000,ABEDNEGO,ABEDNEGO,6,2025-04-29
A00087,BIASHARA4W,C01450,2025-03-19,5000,MAGDALENE,JWAMBUA,4,2025-04-16
A00088,INUKA6WKS,C01460,2025-03-19,6000,ABEDNEGO,ABEDNEGO,6,2025-04-30
A00090,BIASHARA4W,C01290,2025-03-25,5000,JOHN,PATRICK,4,2025-04-22
A00091,INUKA6WKS,C01280,2025-03-25,10000,ABEDNEGO,ABEDNEGO,6,2025-05-06
A00092,BIASHARA6W,C01780,2025-04-04,5000,JOHN,PATRICK,6,2025-05-16
A00093,BIASHARA4W,C01770,2025-04-03,5000,JOHN,PATRICK,4,2025-05-01
A00095,INUKA6WKS,C01470,2025-03-20,7000,ABEDNEGO,ABEDNEGO,6,2025-05-01
A00097,INUKA6WKS,C01490,2025-03-20,7000,JOSEPH,JOSEPH,6,2025-05-01
A00102,INUKA6WKS,C01480,2025-03-20,7000,JOHN,PATRICK,6,2025-05-01
A00103,BIASHARA4W,C00500,2025-02-19,5000,JOHN,PATRICK,4,2025-03-19
A00104,BIASHARA4W,C00520,2025-02-19,5000,MAGDALENE,JWAMBUA,4,2025-03-19
A00105,INUKA6WKS,C00600,2025-04-04,6000,JOSEPH,JOSEPH,6,2025-05-16
A00108,BIASHARA4W,C00540,2025-02-20,5000,JOSEPH,JOSEPH,4,2025-03-20
A00109,INUKA6WKS,C00530,2025-02-20,7000,JOHN,PATRICK,6,2025-04-03
A00116,INUKA6WKS,C00900,2025-04-04,6000,JOSEPH,JOSEPH,6,2025-05-16
A00117,BIASHARA6W,C00550,2025-02-21,5000,JOSEPH,JOSEPH,6,2025-04-04
A00118,BIASHARA4W,C00590,2025-02-21,5000,JOHN,PATRICK,4,2025-03-21
A00119,BIASHARA6W,C00570,2025-02-21,5000,MAGDALENE,JWAMBUA,6,2025-04-04
A00120,BIASHARA6W,C00560,2025-02-21,5000,JOSEPH,JOSEPH,6,2025-04-04
A00121,INUKA6WKS,C00620,2025-04-04,7000,JOSEPH,JOSEPH,6,2025-05-16
A00122,INUKA 4WKS,C00710,2025-03-24,8000,MAGDALENE,JWAMBUA,4,2025-04-21
A00123,BIASHARA6W,C01560,2025-03-21,5000,JOSEPH,JOSEPH,6,2025-05-02
A00124,INUKA 4WKS,C00650,2025-03-24,7000,MAGDALENE,JWAMBUA,4,2025-04-21
A00125,BIASHARA4W,C00520,2025-03-25,5000,MAGDALENE,JWAMBUA,4,2025-04-22
A00127,INUKA6WKS,C01300,2025-03-25,10000,ABEDNEGO,ABEDNEGO,6,2025-05-06
A00131,INUKA8WKS,C01500,2025-03-21,8000,MAGDALENE,JWAMBUA,8,2025-05-16
A00132,BIASHARA4W,C00610,2025-02-23,5000,MAGDALENE,JWAMBUA,4,2025-03-23
A00133,INUKA8WKS,C01510,2025-03-21,7000,MAGDALENE,JWAMBUA,8,2025-05-16
A00139,INUKA 4WKS,C00650,2025-02-24,7000,MAGDALENE,JWAMBUA,4,2025-03-24
A00140,INUKA6WKS,C00640,2025-02-24,7000,JOSEPH,JOSEPH,6,2025-04-07
A00141,BIASHARA6W,C00630,2025-02-24,5000,JOSEPH,JOSEPH,6,2025-04-07
A00142,INUKA6WKS,C00620,2025-02-24,7000,JOSEPH,JOSEPH,6,2025-04-07
A00148,BIASHARA6W,C00700,2025-02-25,5000,JOSEPH,JOSEPH,6,2025-04-08
A00149,INUKA6WKS,C00690,2025-02-25,7000,JOSEPH,JOSEPH,6,2025-04-08
A00150,BIASHARA6W,C00670,2025-02-25,5000,JOSEPH,JOSEPH,6,2025-04-08
A00151,INUKA6WKS,C00660,2025-02-25,7000,JOHN,PATRICK,6,2025-04-08
A00152,BIASHARA6W,C00680,2025-02-25,5000,JOSEPH,JOSEPH,6,2025-04-08
A00155,INUKA 4WKS,C00710,2025-02-26,8000,MAGDALENE,JWAMBUA,4,2025-03-26
A00156,INUKA 4WKS,C00720,2025-02-26,8000,JOHN,PATRICK,4,2025-03-26
A00157,INUKA6WKS,C00850,2025-04-07,7000,MAGDALENE,JWAMBUA,6,2025-05-19
A00159,BIASHARA6W,C01520,2025-03-21,5000,JOSEPH,JOSEPH,6,2025-05-02
A00163,INUKA 4WKS,C00760,2025-02-27,7000,JOSEPH,JOSEPH,4,2025-03-27
A00164,INUKA 4WKS,C00750,2025-02-27,7000,MAGDALENE,JWAMBUA,4,2025-03-27
A00165,INUKA 4WKS,C00740,2025-02-27,7000,JOHN,PATRICK,4,2025-03-27
A00170,INUKA6WKS,C00790,2025-02-28,7000,MAGDALENE,JWAMBUA,6,2025-04-11
A00171,INUKA6WKS,C00800,2025-02-28,7000,MAGDALENE,JWAMBUA,6,2025-04-11
A00172,BIASHARA4W,C00780,2025-02-28,5000,MAGDALENE,JWAMBUA,4,2025-03-28
A00173,BIASHARA4W,C00770,2025-02-28,5000,MAGDALENE,JWAMBUA,4,2025-03-28
A00178,INUKA 4WKS,C00840,2025-03-03,7000,MAGDALENE,JWAMBUA,4,2025-03-31
A00179,BIASHARA4W,C00830,2025-03-03,5000,MAGDALENE,JWAMBUA,4,2025-03-31
A00180,BIASHARA4W,C00820,2025-03-03,5000,JOHN,PATRICK,4,2025-03-31
A00181,INUKA6WKS,C00810,2025-03-03,7000,JOHN,PATRICK,6,2025-04-14
A00183,INUKA6WKS,C00850,2025-03-04,7000,MAGDALENE,JWAMBUA,6,2025-04-15
A00190,INUKA 4WKS,C00890,2025-03-05,6000,JOSEPH,JOSEPH,4,2025-04-02
A00191,INUKA6WKS,C00900,2025-03-05,6000,JOSEPH,JOSEPH,6,2025-04-16
A00192,INUKA6WKS,C00860,2025-03-05,7000,MAGDALENE,JWAMBUA,6,2025-04-16
A00193,BIASHARA6W,C00870,2025-03-05,5000,MAGDALENE,JWAMBUA,6,2025-04-16
A00194,BIASHARA6W,C00910,2025-03-05,5000,JOHN,PATRICK,6,2025-04-16
A00195,BIASHARA6W,C00880,2025-03-05,5000,MAGDALENE,JWAMBUA,6,2025-04-16
A00199,BIASHARA6W,C00930,2025-03-06,5000,JOSEPH,JOSEPH,6,2025-04-17
A00200,BIASHARA6W,C00920,2025-03-06,5000,JOSEPH,JOSEPH,6,2025-04-17
A00201,BIASHARA6W,C01530,2025-03-21,5000,MAGDALENE,JWAMBUA,6,2025-05-02
A00202,BIASHARA6W,C00940,2025-03-06,5000,JOSEPH,JOSEPH,6,2025-04-17
A00207,INUKA6WKS,C00970,2025-03-07,7000,JOSEPH,JOSEPH,6,2025-04-18
A00208,BIASHARA4W,C00960,2025-03-07,5000,JOHN,PATRICK,4,2025-04-04
A00209,INUKA8WKS,C00950,2025-03-07,7000,MAGDALENE,JWAMBUA,8,2025-05-02
A00210,BIASHARA6W,C00980,2025-03-07,5000,JOHN,PATRICK,6,2025-04-18
A00212,INUKA6WKS,C01540,2025-03-21,7000,MAGDALENE,JWAMBUA,6,2025-05-02
A00213,INUKA6WKS,C00690,2025-03-26,7000,JOSEPH,JOSEPH,6,2025-05-07
A00214,BIASHARA6W,C00980,2025-04-07,5000,JOHN,PATRICK,6,2025-05-19
A00215,BIASHARA6W,C01550,2025-03-21,5000,ABEDNEGO,ABEDNEGO,6,2025-05-02
A00216,BIASHARA4W,C01610,2025-03-24,5000,JOSEPH,JOSEPH,4,2025-04-21
A00225,INUKA 4WKS,C01000,2025-03-10,10000,MAGDALENE,JWAMBUA,4,2025-04-14
A00226,INUKA6WKS,C00990,2025-03-10,7000,MAGDALENE,JWAMBUA,6,2025-04-28
A00227,BIASHARA6W,C01310,2025-03-26,5000,JOSEPH,JOSEPH,6,2025-05-07
A00228,INUKA6WKS,C01060,2025-03-11,6000,ABEDNEGO,ABEDNEGO,6,2025-04-29
A00229,BIASHARA6W,C01020,2025-03-10,5000,JOHN,PATRICK,6,2025-04-28
A00230,INUKA6WKS,C01320,2025-03-26,6000,JOSEPH,JOSEPH,6,2025-05-07
A00231,INUKA6WKS,C01010,2025-03-11,7000,JOSEPH,JOSEPH,6,2025-04-29
A00232,BIASHARA4W,C01030,2025-03-11,5000,MAGDALENE,JWAMBUA,4,2025-04-15
A00237,INUKA6WKS,C01050,2025-03-11,7000,JOHN,PATRICK,6,2025-04-29
A00238,BIASHARA6W,C01040,2025-03-11,5000,JOHN,PATRICK,6,2025-04-29
A00239,INUKA6WKS,C01070,2025-03-11,7000,ABEDNEGO,ABEDNEGO,6,2025-04-29
A00247,BIASHARA6W,C01110,2025-03-12,5000,JOSEPH,JOSEPH,6,2025-04-30
A00248,BIASHARA6W,C01090,2025-03-12,5000,MAGDALENE,JWAMBUA,6,2025-04-30
A00249,INUKA 4WKS,C01130,2025-03-12,10000,ABEDNEGO,ABEDNEGO,4,2025-04-16
A00250,INUKA6WKS,C01100,2025-03-12,10000,ABEDNEGO,ABEDNEGO,6,2025-04-30
A00251,BIASHARA4W,C01120,2025-03-12,5000,ABEDNEGO,ABEDNEGO,4,2025-04-16
A00263,INUKA6WKS,C01140,2025-03-13,7000,MAGDALENE,JWAMBUA,6,2025-05-01
A00264,BIASHARA6W,C01150,2025-03-13,5000,MAGDALENE,JWAMBUA,6,2025-05-01
A00265,BIASHARA4W,C00830,2025-03-25,5000,MAGDALENE,JWAMBUA,4,2025-04-22
A00266,BIASHARA4W,C01190,2025-03-13,5000,ABEDNEGO,ABEDNEGO,4,2025-04-17
A00267,BIASHARA4W,C01210,2025-03-13,5000,ABEDNEGO,ABEDNEGO,4,2025-04-17
A00268,BIASHARA4W,C01200,2025-03-13,5000,JOHN,PATRICK,4,2025-04-17
A00269,BIASHARA6W,C01180,2025-03-13,5000,JOSEPH,JOSEPH,6,2025-05-01
A00270,INUKA6WKS,C01160,2025-03-13,7000,JOSEPH,JOSEPH,6,2025-05-01
A00271,INUKA6WKS,C01170,2025-03-13,6000,JOSEPH,JOSEPH,6,2025-05-01
A00272,BIASHARA4W,C00820,2025-03-25,5000,JOHN,PATRICK,4,2025-04-22
A00273,BIASHARA6W,C01220,2025-03-13,5000,MAGDALENE,JWAMBUA,6,2025-05-01
A00274,BIASHARA6W,C01230,2025-03-13,5000,JOSEPH,JOSEPH,6,2025-05-01
A00280,INUKA6WKS,C01240,2025-03-14,7000,JOHN,PATRICK,6,2025-05-02
A00281,BIASHARA6W,C01250,2025-03-14,5000,JOSEPH,JOSEPH,6,2025-05-02
A00282,INUKA6WKS,C01270,2025-03-14,6000,JOSEPH,JOSEPH,6,2025-05-02
A00283,BIASHARA6W,C01260,2025-03-14,5000,JOSEPH,JOSEPH,6,2025-05-02
A00319,BIASHARA6W,C01600,2025-03-24,5000,JOHN,PATRICK,6,2025-05-05
A00320,INUKA 4WKS,C01590,2025-03-24,7000,ONES,ONES,4,2025-04-21
A00321,INUKA 4WKS,C01580,2025-03-24,7000,JOSEPH,JOSEPH,4,2025-04-21
A00322,BIASHARA4W,C01570,2025-03-24,5000,ONES,ONES,4,2025-04-21
A00323,INUKA 4WKS,C00750,2025-03-27,7000,MAGDALENE,JWAMBUA,4,2025-04-24
A00324,BIASHARA4W,C00780,2025-03-27,5000,MAGDALENE,JWAMBUA,4,2025-04-24
A00325,INUKA6WKS,C00580,2025-02-21,7000,JOHN,PATRICK,6,2025-04-04
A00330,INUKA8WKS,C01620,2025-03-27,7000,JOSEPH,JOSEPH,8,2025-05-22
A00331,INUKA6WKS,C01630,2025-03-27,7000,JOSEPH,JOSEPH,6,2025-05-08
A00332,INUKA6WKS,C01640,2025-03-27,8000,ONES,ONES,6,2025-05-08
A00333,INUKA6WKS,C00580,2025-03-27,7000,JOHN,PATRICK,6,2025-05-08
A00335,BIASHARA6W,C01650,2025-03-28,5000,ONES,ONES,6,2025-05-09
A00336,INUKA6WKS,C00600,2025-02-21,6000,JOSEPH,JOSEPH,6,2025-04-04
A00337,INUKA6WKS,C00510,2025-02-19,7000,JOHN,PATRICK,6,2025-04-02
A00338,INUKA6WKS,C00530,2025-04-02,7000,JOHN,PATRICK,6,2025-05-14
A00348,BIASHARA6W,C01720,2025-04-01,5000,JOHN,PATRICK,6,2025-05-13
A00349,INUKA 4WKS,C00740,2025-03-17,7000,JOHN,PATRICK,4,2025-04-14
A00357,BIASHARA6W,C01790,2025-04-07,5000,JOHN,PATRICK,6,2025-05-19
A00358,BIASHARA6W,C00630,2025-04-08,5000,JOSEPH,JOSEPH,6,2025-05-20
A00360,BIASHARA4W,C01800,2025-04-08,5000,JOHN,PATRICK,4,2025-05-06
A00361,BIASHARA6W,C00560,2025-04-08,5000,JOSEPH,JOSEPH,6,2025-05-20
A00362,BIASHARA6W,C00880,2025-04-09,5000,MAGDALENE,JWAMBUA,6,2025-05-21
A00363,BIASHARA4W,C01200,2025-04-09,5000,JOHN,PATRICK,4,2025-05-07
A00365,INUKA 4WKS,C01390,2025-04-09,7000,JOSEPH,JOSEPH,4,2025-05-07
A00366,BIASHARA6W,C01810,2025-04-09,5000,MAGDALENE,JWAMBUA,6,2025-05-21
A00369,BIASHARA4W,C01820,2025-04-09,5000,MAGDALENE,JWAMBUA,4,2025-05-07
A00370,BIASHARA6W,C01830,2025-04-09,5000,MAGDALENE,JWAMBUA,6,2025-05-21
A00371,INUKA 4WKS,C00890,2025-04-09,7000,JOSEPH,JOSEPH,4,2025-05-07
A00372,BIASHARA4W,C01230,2025-04-10,5000,JOSEPH,JOSEPH,4,2025-05-08
A00373,BIASHARA6W,C01180,2025-04-10,5000,JOSEPH,JOSEPH,6,2025-05-22
A00374,INUKA6WKS,C01160,2025-04-10,7000,JOSEPH,JOSEPH,6,2025-05-22
A00376,INUKA6WKS,C00810,2025-04-10,7000,JOHN,PATRICK,6,2025-05-22
A00377,BIASHARA6W,C00910,2025-04-11,5000,JOHN,PATRICK,6,2025-05-23
A00378,INUKA6WKS,C00970,2025-04-11,7000,JOHN,PATRICK,6,2025-05-23
A00379,BIASHARA6W,C01840,2025-04-11,5000,MAGDALENE,JWAMBUA,6,2025-05-23
A00380,BIASHARA6W,C00920,2025-04-11,5000,JOSEPH,JOSEPH,6,2025-05-23
A00382,BIASHARA6W,C01220,2025-04-14,5000,MAGDALENE,JWAMBUA,6,2025-05-26
A00383,INUKA6WKS,C01100,2025-04-14,10000,ONES,ONES,6,2025-05-26
A00384,BIASHARA6W,C01120,2025-04-14,5000,ONES,ONES,6,2025-05-26
A00385,BIASHARA4W,C00820,2025-04-14,5000,JOHN,PATRICK,4,2025-05-12
A00387,BIASHARA4W,C01860,2025-04-14,5000,JOHN,PATRICK,4,2025-05-12
A00388,INUKA6WKS,C01850,2025-04-14,7000,MAGDALENE,JWAMBUA,6,2025-05-26
A00389,INUKA 4WKS,C01370,2025-04-14,7000,ONES,ONES,4,2025-05-12
A00390,INUKA6WKS,C00770,2025-04-15,6000,MAGDALENE,JWAMBUA,6,2025-05-27
A00391,INUKA6WKS,C01190,2025-04-15,7000,ONES,ONES,6,2025-05-27
A00392,INUKA6WKS,C01050,2025-04-15,7000,JOHN,PATRICK,6,2025-05-27
A00393,BIASHARA4W,C00500,2025-04-15,5000,JOHN,PATRICK,4,2025-05-13
A00397,BIASHARA4W,C01880,2025-04-15,5000,JOHN,PATRICK,4,2025-05-13
A00398,BIASHARA4W,C01870,2025-04-15,5000,MAGDALENE,JWAMBUA,4,2025-05-13
A00399,INUKA6WKS,C01010,2025-04-16,7000,JOSEPH,JOSEPH,6,2025-05-28
A00400,INUKA6WKS,C01130,2025-04-16,10000,ONES,ONES,6,2025-05-28
A00401,INUKA6WKS,C00860,2025-04-16,7000,MAGDALENE,JWAMBUA,6,2025-05-28
A00402,BIASHARA6W,C00870,2025-04-16,5000,MAGDALENE,JWAMBUA,6,2025-05-28
A00403,BIASHARA4W,C01290,2025-04-16,5000,JOHN,PATRICK,4,2025-05-14
A00404,BIASHARA4W,C01340,2025-04-16,5000,ONES,ONES,4,2025-05-14
A00407,BIASHARA6W,C01890,2025-04-16,5000,MAGDALENE,JWAMBUA,6,2025-05-28
A00408,BIASHARA6W,C01900,2025-04-16,5000,MAGDALENE,JWAMBUA,6,2025-05-28
A00410,INUKA 4WKS,C01910,2025-04-16,7000,JOHN,PATRICK,4,2025-05-14
A00411,BIASHARA6W,C01020,2025-04-17,5000,JOHN,PATRICK,6,2025-05-29
A00412,INUKA6WKS,C01170,2025-04-17,6000,JOSEPH,JOSEPH,6,2025-05-29
A00413,INUKA 4WKS,C01580,2025-04-17,7000,JOSEPH,JOSEPH,4,2025-05-15
A00414,INUKA 4WKS,C00720,2025-04-17,9000,JOHN,PATRICK,4,2025-05-15
A00415,INUKA 4WKS,C01590,2025-04-17,7000,ONES,ONES,4,2025-05-15
A00417,INUKA6WKS,C01920,2025-04-17,6000,MAGDALENE,JWAMBUA,6,2025-05-29
A00418,BIASHARA4W,C01570,2025-04-18,5000,ONES,ONES,4,2025-05-16
A00419,BIASHARA6W,C01410,2025-04-18,5000,JOSEPH,JOSEPH,6,2025-05-30
A00420,INUKA6WKS,C00660,2025-04-18,7000,JOHN,PATRICK,6,2025-05-30
A00421,BIASHARA4W,C00830,2025-04-21,5000,MAGDALENE,JWAMBUA,4,2025-05-19
A00422,BIASHARA4W,C01610,2025-04-21,5000,JOSEPH,JOSEPH,4,2025-05-19
A00423,INUKA6WKS,C01270,2025-04-21,6000,JOSEPH,JOSEPH,6,2025-06-02
A00424,INUKA6WKS,C01540,2025-04-21,7000,MAGDALENE,JWAMBUA,6,2025-06-02
A00425,INUKA 4WKS,C00650,2025-04-21,9000,MAGDALENE,JWAMBUA,4,2025-05-19
A00426,INUKA6WKS,C01350,2025-04-21,7000,JOHN,PATRICK,6,2025-06-02
A00427,BIASHARA6W,C00930,2025-04-15,5000,JOSEPH,JOSEPH,6,2025-05-27
A00428,INUKA 4WKS,C00710,2025-04-21,8000,MAGDALENE,JWAMBUA,4,2025-05-19
A00429,INUKA 4WKS,C00840,2025-04-21,7000,MAGDALENE,JWAMBUA,4,2025-05-19
A00430,INUKA6WKS,C01060,2025-04-21,6000,MAGDALENE,JWAMBUA,6,2025-06-02
A00434,INUKA 4WKS,C01950,2025-04-21,6000,JOSEPH,JOSEPH,4,2025-05-19
A00435,INUKA6WKS,C01940,2025-04-21,7000,JOHN,PATRICK,6,2025-06-02
A00436,BIASHARA6W,C01930,2025-04-21,5000,JOHN,PATRICK,6,2025-06-02
A00437,INUKA 4WKS,C01030,2025-04-22,6000,MAGDALENE,JWAMBUA,4,2025-05-20
A00438,BIASHARA6W,C01090,2025-04-22,5000,MAGDALENE,JWAMBUA,6,2025-06-03
A00439,BIASHARA4W,C00780,2025-04-23,5000,MAGDALENE,JWAMBUA,4,2025-05-21
A00440,BIASHARA4W,C01770,2025-04-23,5000,JOSEPH,JOSEPH,4,2025-05-21
A00443,BIASHARA6W,C01680,2025-04-23,5000,JOSEPH,JOSEPH,6,2025-06-04
A00444,BIASHARA4W,C01960,2025-04-23,5000,JOHN,PATRICK,4,2025-05-21
A00447,BIASHARA4W,C01980,2025-04-23,5000,ONES,ONES,4,2025-05-21
A00448,BIASHARA4W,C01380,2025-04-25,5000,JOSEPH,JOSEPH,4,2025-05-23
A00449,INUKA 4WKS,C00750,2025-04-24,7000,MAGDALENE,JWAMBUA,4,2025-05-22
A00451,BIASHARA4W,C01970,2025-04-24,5000,JOSEPH,JOSEPH,4,2025-05-22
A00452,BIASHARA6W,C01150,2025-04-24,5000,MAGDALENE,JWAMBUA,6,2025-06-05
A00453,INUKA6WKS,C01070,2025-04-25,7000,ONES,ONES,6,2025-06-06
A00454,BIASHARA4W,C01690,2025-04-25,5000,JOSEPH,JOSEPH,4,2025-05-23
A00455,BIASHARA6W,C01520,2025-04-25,5000,JOSEPH,JOSEPH,6,2025-06-06
A00456,INUKA 4WKS,C01000,2025-04-25,10000,MAGDALENE,JWAMBUA,4,2025-05-23
A00458,INUKA6WKS,C01990,2025-04-25,10000,MAGDALENE,JWAMBUA,6,2025-05-23
A00459,INUKA6WKS,C01640,2025-04-29,8000,ONES,ONES,6,2025-06-10
A00460,INUKA 4WKS,C01710,2025-04-28,8000,ONES,ONES,4,2025-05-26
A00463,INUKA6WKS,C00690,2025-04-28,7000,JOSEPH,JOSEPH,6,2025-06-09
A00464,BIASHARA6W,C00550,2025-04-28,5000,JOSEPH,JOSEPH,6,2025-06-09
A00465,BIASHARA4W,C01600,2025-04-28,5000,JOHN,PATRICK,4,2025-05-26
A00466,BIASHARA6W,C02010,2025-04-28,5000,ONES,ONES,6,2025-06-09
A00467,BIASHARA6W,C02000,2025-04-28,5000,JOHN,PATRICK,6,2025-06-09
A00468,INUKA6WKS,C01140,2025-04-29,6000,MAGDALENE,JWAMBUA,6,2025-06-10
A00469,INUKA6WKS,C00990,2025-04-29,7000,MAGDALENE,JWAMBUA,6,2025-06-10
A00470,INUKA6WKS,C01320,2025-04-29,6000,JOSEPH,JOSEPH,6,2025-06-10
A00471,BIASHARA6W,C00570,2025-04-29,5000,MAGDALENE,JWAMBUA,6,2025-06-10
A00472,INUKA6WKS,C01280,2025-04-29,10000,ONES,ONES,6,2025-06-10
A00473,INUKA6WKS,C01400,2025-04-29,7000,JOSEPH,JOSEPH,6,2025-06-10
A00474,INUKA8WKS,C01500,2025-04-29,8000,MAGDALENE,JWAMBUA,8,2025-06-24
A00475,INUKA 4WKS,C00740,2025-04-29,8000,JOHN,PATRICK,4,2025-05-27
A00477,INUKA 4WKS,C02020,2025-04-29,7000,JOSEPH,JOSEPH,4,2025-05-27
A00478,BIASHARA4W,C02030,2025-04-29,5000,ONES,ONES,4,2025-05-27
A00479,BIASHARA4W,C00520,2025-04-30,5000,MAGDALENE,JWAMBUA,4,2025-05-28
A00480,BIASHARA6W,C01530,2025-04-30,5000,MAGDALENE,JWAMBUA,6,2025-06-11
A00481,BIASHARA4W,C00820,2025-04-30,5000,JOHN,PATRICK,4,2025-05-28
A00482,BIASHARA4W,C02040,2025-04-30,5000,JOHN,PATRICK,4,2025-05-28
A00483,BIASHARA4W,C01740,2025-05-01,5000,ONES,ONES,4,2025-05-29
A00485,INUKA 4WKS,C02050,2025-05-01,8000,MAGDALENE,JWAMBUA,4,2025-05-29
A00486,INUKA6WKS,C00580,2025-05-02,7000,JOHN,PATRICK,6,2025-06-13
A00487,INUKA8WKS,C00880,2025-05-07,7000,MAGDALENE,JWAMBUA,8,2025-07-02
A00488,INUKA6WKS,C01630,2025-05-02,7000,JOSEPH,JOSEPH,6,2025-06-13
A00491,INUKA8WKS,C00950,2025-05-02,7000,MAGDALENE,JWAMBUA,8,2025-06-27
A00494,BIASHARA4W,C01480,2025-05-02,5000,JOHN,PATRICK,4,2025-05-30
A00495,INUKA6WKS,C01340,2025-05-02,7000,ONES,ONES,6,2025-06-13
A00496,INUKA6WKS,C02080,2025-05-02,7000,ONES,ONES,6,2025-06-13
A00497,BIASHARA6W,C02070,2025-05-02,5000,MAGDALENE,JWAMBUA,6,2025-06-13
A00498,BIASHARA6W,C02060,2025-05-02,5000,JOHN,PATRICK,6,2025-06-13
A00499,BIASHARA6W,C02090,2025-05-02,5000,ABEDNEGO,ABEDNEGO,6,2025-06-13
A00503,INUKA6WKS,C01330,2025-05-07,10000,ONES,ONES,6,2025-06-18
A00504,BIASHARA6W,C02120,2025-05-06,5000,ABEDNEGO,ABEDNEGO,6,2025-06-17
A00505,BIASHARA6W,C02100,2025-05-06,5000,ONES,ONES,6,2025-06-17
A00506,BIASHARA6W,C02130,2025-05-06,5000,ABEDNEGO,ABEDNEGO,6,2025-06-17
A00507,BIASHARA4W,C02110,2025-05-06,5000,ONES,ONES,4,2025-06-03
A00509,BIASHARA6W,C02140,2025-05-07,5000,MAGDALENE,JWAMBUA,6,2025-06-18
A00511,BIASHARA6W,C00980,2025-05-07,5000,JOHN,PATRICK,6,2025-06-18
A00512,BIASHARA6W,C02160,2025-05-07,5000,JOSEPH,JOSEPH,6,2025-06-18
A00513,BIASHARA6W,C02150,2025-05-08,5000,ONES,ONES,6,2025-06-19
A00514,BIASHARA6W,C01700,2025-05-08,5000,JOSEPH,JOSEPH,6,2025-06-19
A00515,INUKA8WKS,C01620,2025-05-08,7000,JOSEPH,JOSEPH,8,2025-07-03
A00520,BIASHARA6W,C01420,2025-05-08,5000,MAGDALENE,JWAMBUA,6,2025-06-19
A00521,BIASHARA4W,C00590,2025-05-08,5000,JOHN,PATRICK,4,2025-06-05
A00522,BIASHARA6W,C02200,2025-05-08,5000,MAGDALENE,JWAMBUA,6,2025-06-19
A00523,BIASHARA6W,C02170,2025-05-08,5000,MAGDALENE,JWAMBUA,6,2025-06-19
A00524,INUKA6WKS,C02190,2025-05-08,7000,JOHN,PATRICK,6,2025-06-19
A00525,BIASHARA6W,C02180,2025-05-08,5000,JOHN,PATRICK,6,2025-06-19
A00526,BIASHARA4W,C00500,2025-05-09,5000,JOHN,PATRICK,4,2025-06-06
A00528,BIASHARA4W,C01200,2025-05-09,5000,JOHN,PATRICK,4,2025-06-06
A00529,BIASHARA4W,C02210,2025-05-09,5000,JOHN,PATRICK,4,2025-06-06
A00534,INUKA 4WKS,C01370,2025-05-09,7000,ONES,ONES,4,2025-06-06
A00535,INUKA6WKS,C00910,2025-05-09,6000,JOHN,PATRICK,6,2025-06-20
A00536,INUKA6WKS,C00620,2025-05-09,9000,JOSEPH,JOSEPH,6,2025-06-20
A00537,INUKA6WKS,C02230,2025-05-09,7000,MAGDALENE,JWAMBUA,6,2025-06-20
A00538,INUKA 4WKS,C02240,2025-05-09,7000,JOHN,PATRICK,4,2025-06-06
A00539,INUKA8WKS,C02220,2025-05-09,7000,JOSEPH,JOSEPH,8,2025-07-04
A00540,INUKA 4WKS,C01190,2025-05-12,7000,ONES,ONES,4,2025-06-09
A00541,BIASHARA6W,C01310,2025-04-28,5000,JOSEPH,JOSEPH,6,2025-06-09
A00542,INUKA 4WKS,C01590,2025-05-12,7000,ONES,ONES,4,2025-06-09
A00543,INUKA6WKS,C00530,2025-05-12,7000,JOHN,PATRICK,6,2025-06-23
A00544,INUKA 4WKS,C00840,2025-05-12,9000,MAGDALENE,JWAMBUA,4,2025-06-09
A00545,INUKA 4WKS,C00710,2025-05-12,8000,MAGDALENE,JWAMBUA,4,2025-06-09
A00546,INUKA 4WKS,C00890,2025-05-12,6000,JOSEPH,JOSEPH,4,2025-06-09
A00551,BIASHARA6W,C01790,2025-05-12,5000,JOHN,PATRICK,6,2025-06-23
A00552,BIASHARA6W,C01720,2025-05-12,5000,JOHN,PATRICK,6,2025-06-23
A00553,BIASHARA4W,C01870,2025-05-12,5000,MAGDALENE,JWAMBUA,4,2025-06-09
A00554,BIASHARA4W,C02270,2025-05-12,5000,ONES,ONES,4,2025-06-09
A00555,BIASHARA4W,C02280,2025-05-12,5000,ONES,ONES,4,2025-06-09
A00556,BIASHARA6W,C02260,2025-05-12,5000,JOSEPH,JOSEPH,6,2025-06-23
A00557,BIASHARA6W,C02250,2025-05-12,5000,JOSEPH,JOSEPH,6,2025-06-23
A00558,INUKA 4WKS,C01580,2025-05-13,7000,JOSEPH,JOSEPH,4,2025-06-10
A00559,INUKA 4WKS,C01000,2025-05-13,10000,MAGDALENE,JWAMBUA,4,2025-06-10
A00560,INUKA6WKS,C00640,2025-05-13,7000,JOSEPH,JOSEPH,6,2025-06-24
A00563,BIASHARA6W,C02300,2025-05-14,5000,JOSEPH,JOSEPH,6,2025-06-25
A00564,BIASHARA6W,C02290,2025-05-14,5000,JOHN,PATRICK,6,2025-06-25
A00565,BIASHARA4W,C02310,2025-05-14,5000,ONES,ONES,4,2025-06-11
A00566,INUKA 4WKS,C01910,2025-05-14,7000,JOHN,PATRICK,4,2025-06-11
A00567,BIASHARA6W,C01260,2025-04-15,5000,ONES,ONES,6,2025-05-27
A00568,BIASHARA4W,C01570,2025-05-13,5000,ABEDNEGO,ABEDNEGO,4,2025-06-10
A00572,BIASHARA4W,C01650,2025-05-14,5000,ONES,ONES,4,2025-06-11
A00573,BIASHARA6W,C02340,2025-05-14,5000,ABEDNEGO,ABEDNEGO,6,2025-06-25
A00574,BIASHARA6W,C02330,2025-05-14,5000,JOHN,PATRICK,6,2025-06-25
A00575,BIASHARA4W,C02320,2025-05-14,5000,JOSEPH,JOSEPH,4,2025-06-11
A00576,BIASHARA4W,C01820,2025-05-15,5000,MAGDALENE,JWAMBUA,4,2025-06-12
A00578,BIASHARA6W,C02350,2025-05-15,5000,JOHN,PATRICK,6,2025-06-26
A00579,BIASHARA6W,C01020,2025-05-16,5000,JOHN,PATRICK,6,2025-06-27
A00580,INUKA 4WKS,C00750,2025-05-16,7000,MAGDALENE,JWAMBUA,4,2025-06-13
A00581,BIASHARA6W,C01120,2025-05-16,5000,ONES,ONES,6,2025-06-27
A00582,INUKA6WKS,C00810,2025-05-16,7000,ONES,ONES,6,2025-06-27
A00583,INUKA6WKS,C00970,2025-05-16,7000,JOHN,PATRICK,6,2025-06-27
A00584,BIASHARA4W,C01030,2025-05-19,5000,MAGDALENE,JWAMBUA,4,2025-06-16
A00585,INUKA6WKS,C01100,2025-05-19,10000,ONES,ONES,6,2025-06-30
A00586,INUKA 4WKS,C00650,2025-05-19,9000,MAGDALENE,JWAMBUA,4,2025-06-16
A00587,INUKA 4WKS,C00830,2025-05-19,7000,MAGDALENE,JWAMBUA,4,2025-06-16
A00588,BIASHARA6W,C01660,2025-05-19,5000,MAGDALENE,JWAMBUA,6,2025-06-30
A00589,BIASHARA6W,C01970,2025-05-21,5000,JOSEPH,JOSEPH,6,2025-07-02
A00590,INUKA8WKS,C00550,2025-05-21,6000,JOSEPH,JOSEPH,8,2025-07-16
A00591,BIASHARA6W,C00930,2025-05-19,5000,JOSEPH,JOSEPH,6,2025-06-30
A00592,BIASHARA6W,C00560,2025-05-19,5000,JOSEPH,JOSEPH,6,2025-06-30
A00593,INUKA6WKS,C01690,2025-05-19,7000,JOSEPH,JOSEPH,6,2025-06-30
A00594,INUKA6WKS,C00780,2025-05-19,7000,MAGDALENE,JWAMBUA,6,2025-06-30
A00598,BIASHARA4W,C02370,2025-05-19,5000,ONES,ONES,4,2025-06-16
A00599,BIASHARA6W,C02360,2025-05-19,5000,JOSEPH,JOSEPH,6,2025-06-30
A00600,BIASHARA4W,C00850,2025-05-20,5000,MAGDALENE,JWAMBUA,4,2025-06-17
A00602,INUKA6WKS,C01270,2025-05-21,6000,JOSEPH,JOSEPH,6,2025-07-02
A00606,BIASHARA6W,C02380,2025-05-21,5000,JOHN,PATRICK,6,2025-07-02
A00607,BIASHARA4W,C02400,2025-05-21,5000,ABEDNEGO,ABEDNEGO,4,2025-06-18
A00608,INUKA6WKS,C02390,2025-05-21,6000,JOSEPH,JOSEPH,6,2025-07-02
A00610,BIASHARA4W,C02410,2025-05-22,5000,ONES,ONES,4,2025-06-19
A00611,INUKA 4WKS,C01740,2025-05-22,7000,ONES,ONES,4,2025-06-19
A00612,BIASHARA6W,C01680,2025-05-22,5000,JOSEPH,JOSEPH,6,2025-07-03
A00613,INUKA6WKS,C01160,2025-05-22,7000,JOSEPH,JOSEPH,6,2025-07-03
A00614,INUKA 4WKS,C01920,2025-05-22,6000,MAGDALENE,JWAMBUA,4,2025-06-19
A00615,BIASHARA6W,C01040,2025-05-23,5000,JOHN,PATRICK,6,2025-07-04
A00616,BIASHARA4W,C02040,2025-05-23,5000,JOHN,PATRICK,4,2025-06-20
A00628,INUKA 4WKS,C01130,2025-05-23,8000,ONES,ONES,4,2025-06-20
A00629,BIASHARA6W,C02420,2025-05-23,5000,MAGDALENE,JWAMBUA,6,2025-07-04
A00630,INUKA 4WKS,C02430,2025-05-23,7000,MAGDALENE,JWAMBUA,4,2025-06-20
A00631,BIASHARA6W,C02480,2025-05-23,5000,ONES,ONES,6,2025-07-04
A00632,BIASHARA6W,C02460,2025-05-23,5000,ABEDNEGO,ABEDNEGO,6,2025-07-04
A00633,BIASHARA6W,C02470,2025-05-23,5000,ONES,ONES,6,2025-07-04
A00634,INUKA6WKS,C02450,2025-05-23,7000,JOSEPH,JOSEPH,6,2025-07-04
A00635,BIASHARA6W,C02500,2025-05-23,5000,JOHN,PATRICK,6,2025-07-04
A00636,INUKA 4WKS,C02530,2025-05-26,7000,ONES,ONES,4,2025-07-07
A00637,INUKA6WKS,C02440,2025-05-23,7000,JOSEPH,JOSEPH,6,2025-07-04
A00638,BIASHARA4W,C00520,2025-05-26,5000,MAGDALENE,JWAMBUA,4,2025-06-23
A00639,BIASHARA6W,C02490,2025-05-26,5000,JOHN,PATRICK,6,2025-07-07
A00640,BIASHARA4W,C01980,2025-05-26,5000,ONES,ONES,4,2025-06-23
A00641,BIASHARA4W,C02520,2025-05-26,5000,MAGDALENE,JWAMBUA,4,2025-06-23
A00642,INUKA 4WKS,C01710,2025-05-26,8000,ONES,ONES,4,2025-06-23
A00643,INUKA6WKS,C01090,2025-05-26,7000,MAGDALENE,JWAMBUA,6,2025-07-07
A00646,BIASHARA6W,C01930,2025-05-26,5000,JOHN,PATRICK,6,2025-07-07
A00647,BIASHARA4W,C01960,2025-05-26,5000,JOHN,PATRICK,4,2025-06-23
A00648,BIASHARA6W,C02540,2025-05-26,5000,MAGDALENE,JWAMBUA,6,2025-07-07
A00652,INUKA 4WKS,C02020,2025-05-27,7000,JOSEPH,JOSEPH,4,2025-06-24
A00653,INUKA 4WKS,C00740,2025-05-27,8000,JOHN,PATRICK,4,2025-06-24
A00654,INUKA6WKS,C01350,2025-05-27,7000,JOHN,PATRICK,6,2025-07-08
A00655,INUKA6WKS,C02560,2025-05-27,7000,JOHN,PATRICK,6,2025-07-08
A00656,INUKA 4WKS,C02550,2025-05-27,7000,MAGDALENE,JWAMBUA,4,2025-06-24
A00657,INUKA8WKS,C02570,2025-05-28,8000,JOSEPH,JOSEPH,8,2025-07-23
A00658,INUKA6WKS,C01050,2025-05-28,8000,JOHN,PATRICK,6,2025-07-09
A00659,BIASHARA6W,C00570,2025-05-28,5000,MAGDALENE,JWAMBUA,6,2025-07-09
A00660,INUKA 4WKS,C02050,2025-05-28,8000,MAGDALENE,JWAMBUA,4,2025-06-25
A00662,BIASHARA4W,C00770,2025-05-28,5000,MAGDALENE,JWAMBUA,4,2025-06-25
A00663,INUKA6WKS,C01400,2025-05-28,7000,JOSEPH,JOSEPH,6,2025-07-09
A00665,BIASHARA6W,C02580,2025-05-28,5000,MAGDALENE,JWAMBUA,6,2025-07-09
A00666,INUKA6WKS,C01940,2025-05-29,7000,JOHN,PATRICK,6,2025-07-10
A00667,INUKA 4WKS,C01000,2025-05-29,10000,MAGDALENE,JWAMBUA,4,2025-06-26
A00671,BIASHARA6W,C01780,2025-05-29,5000,JOHN,PATRICK,6,2025-07-10
A00672,BIASHARA4W,C02610,2025-05-29,5000,ONES,ONES,4,2025-06-26
A00673,BIASHARA6W,C02590,2025-05-29,5000,MAGDALENE,JWAMBUA,6,2025-07-10
A00674,BIASHARA6W,C02600,2025-05-29,5000,ABEDNEGO,ABEDNEGO,6,2025-07-10
A00675,INUKA6WKS,C00660,2025-05-30,7000,JOHN,PATRICK,6,2025-07-11
A00676,INUKA6WKS,C01850,2025-05-30,7000,MAGDALENE,JWAMBUA,6,2025-07-11
A00677,INUKA 4WKS,C00890,2025-05-30,7000,JOSEPH,JOSEPH,4,2025-06-27
A00678,BIASHARA4W,C01480,2025-05-30,5000,JOHN,PATRICK,4,2025-06-27
A00683,BIASHARA6W,C02640,2025-05-30,5000,JOHN,PATRICK,6,2025-07-11
A00684,BIASHARA6W,C02650,2025-05-30,5000,ABEDNEGO,ABEDNEGO,6,2025-07-11
A00685,INUKA 4WKS,C02630,2025-05-30,7000,ONES,ONES,4,2025-06-27
A00686,BIASHARA4W,C02620,2025-05-30,5000,ONES,ONES,4,2025-06-27
A00687,BIASHARA4W,C02110,2025-06-02,5000,ONES,ONES,4,2025-06-30
A00688,INUKA 4WKS,C00840,2025-06-02,9000,MAGDALENE,JWAMBUA,4,2025-06-30
A00689,INUKA 4WKS,C00710,2025-06-02,8000,MAGDALENE,JWAMBUA,4,2025-06-30
A00690,INUKA6WKS,C02670,2025-06-02,7000,JOSEPH,JOSEPH,6,2025-07-14
A00691,BIASHARA4W,C02660,2025-06-02,5000,ONES,ONES,4,2025-06-30
A00692,INUKA8WKS,C00640,2025-06-03,9000,JOSEPH,JOSEPH,8,2025-07-29
A00693,BIASHARA6W,C02130,2025-06-03,5000,ABEDNEGO,ABEDNEGO,6,2025-07-15
A00697,BIASHARA4W,C02700,2025-06-04,5000,ONES,ONES,4,2025-07-02
A00698,INUKA 4WKS,C02690,2025-06-04,7000,JOHN,PATRICK,4,2025-07-02
A00699,INUKA 4WKS,C01590,2025-06-04,7000,ABEDNEGO,ABEDNEGO,4,2025-07-02
A00700,BIASHARA6W,C02010,2025-06-04,5000,ABEDNEGO,ABEDNEGO,6,2025-07-16
A00701,INUKA8WKS,C01320,2025-06-04,8000,JOSEPH,JOSEPH,8,2025-07-30
A00702,INUKA6WKS,C01630,2025-06-04,7000,JOSEPH,JOSEPH,6,2025-07-16
A00703,BIASHARA4W,C02370,2025-06-04,5000,ONES,ONES,4,2025-07-02
A00704,INUKA 4WKS,C01060,2025-06-04,6000,ABEDNEGO,ABEDNEGO,4,2025-07-02
A00705,BIASHARA4W,C02680,2025-06-05,5000,JOHN,PATRICK,4,2025-07-03
A00706,BIASHARA4W,C00590,2025-06-05,5000,JOHN,PATRICK,4,2025-07-03
A00707,BIASHARA4W,C00500,2025-06-05,5000,JOHN,PATRICK,4,2025-07-03
A00708,BIASHARA6W,C02210,2025-06-05,5000,JOHN,PATRICK,6,2025-07-17
A00709,INUKA6WKS,C01640,2025-06-05,8000,ABEDNEGO,ABEDNEGO,6,2025-07-17
A00710,BIASHARA4W,C02710,2025-06-05,5000,ONES,ONES,4,2025-07-03
A00711,INUKA6WKS,C01070,2025-06-05,7000,ABEDNEGO,ABEDNEGO,6,2025-07-17
A00712,BIASHARA6W,C01150,2025-06-05,5000,MAGDALENE,JWAMBUA,6,2025-07-17
A00716,INUKA 4WKS,C02240,2025-06-05,7000,JOHN,PATRICK,4,2025-07-03
A00717,BIASHARA4W,C00820,2025-06-05,5000,JOHN,PATRICK,4,2025-07-03
A00718,INUKA 4WKS,C02730,2025-06-05,7000,ABEDNEGO,ABEDNEGO,4,2025-07-03
A00719,INUKA6WKS,C02720,2025-06-05,7000,JOSEPH,JOSEPH,6,2025-07-17
A00720,INUKA6WKS,C01280,2025-06-06,10000,ABEDNEGO,ABEDNEGO,6,2025-07-18
A00721,INUKA6WKS,C01340,2025-06-06,7000,ABEDNEGO,ABEDNEGO,6,2025-07-18
A00722,BIASHARA4W,C02000,2025-06-06,5000,JOHN,PATRICK,4,2025-07-04
A00726,INUKA8WKS,C01500,2025-06-06,8000,MAGDALENE,JWAMBUA,8,2025-08-01
A00727,INUKA 4WKS,C00750,2025-06-09,7000,MAGDALENE,JWAMBUA,4,2025-07-07
A00728,INUKA6WKS,C02760,2025-06-06,7000,JOHN,PATRICK,6,2025-07-18
A00729,BIASHARA4W,C02740,2025-06-06,5000,ABEDNEGO,ABEDNEGO,4,2025-07-04
A00730,INUKA 4WKS,C01370,2025-06-06,7000,ABEDNEGO,ABEDNEGO,4,2025-07-04
A00731,BIASHARA4W,C02750,2025-06-09,5000,JOSEPH,JOSEPH,4,2025-07-07
A00732,INUKA6WKS,C01580,2025-06-09,9000,JOSEPH,JOSEPH,6,2025-07-21
A00733,INUKA6WKS,C02770,2025-06-06,7000,JOHN,PATRICK,6,2025-07-18
A00734,BIASHARA6W,C01530,2025-06-09,5000,MAGDALENE,JWAMBUA,6,2025-07-21
A00735,INUKA6WKS,C01310,2025-06-09,7000,JOSEPH,JOSEPH,6,2025-07-21
A00736,INUKA6WKS,C01870,2025-06-09,7000,MAGDALENE,JWAMBUA,6,2025-07-21
A00738,BIASHARA4W,C01650,2025-06-10,5000,ABEDNEGO,ABEDNEGO,4,2025-07-08
A00739,INUKA 4WKS,C01740,2025-06-10,7000,ABEDNEGO,ABEDNEGO,4,2025-07-08
A00740,BIASHARA4W,C01030,2025-06-10,5000,MAGDALENE,JWAMBUA,4,2025-07-08
A00741,BIASHARA6W,C02290,2025-06-10,5000,JOHN,PATRICK,6,2025-07-22
A00745,INUKA6WKS,C00580,2025-06-11,7000,JOHN,PATRICK,6,2025-07-23
A00747,BIASHARA4W,C02810,2025-06-10,5000,JOHN,PATRICK,4,2025-07-08
A00748,INUKA 4WKS,C01910,2025-06-10,7000,JOHN,PATRICK,4,2025-07-08
A00749,BIASHARA4W,C02790,2025-06-10,5000,MAGDALENE,JWAMBUA,4,2025-07-08
A00750,INUKA8WKS,C02800,2025-06-11,7000,JOSEPH,JOSEPH,8,2025-08-06
A00751,INUKA6WKS,C01330,2025-06-11,10000,ABEDNEGO,ABEDNEGO,6,2025-07-23
A00752,BIASHARA6W,C02200,2025-06-11,5000,MAGDALENE,JWAMBUA,6,2025-07-23
A00759,INUKA6WKS,C00690,2025-06-11,7000,JOSEPH,JOSEPH,6,2025-07-23
A00760,BIASHARA6W,C00760,2025-06-11,5000,JOSEPH,JOSEPH,6,2025-07-23
A00761,BIASHARA4W,C02840,2025-06-11,5000,JOHN,PATRICK,4,2025-07-09
A00762,INUKA6WKS,C02820,2025-06-11,7000,ABEDNEGO,ABEDNEGO,6,2025-07-23
A00763,INUKA6WKS,C02850,2025-06-11,7000,JOSEPH,JOSEPH,6,2025-07-23
A00764,BIASHARA4W,C02780,2025-06-11,5000,ABEDNEGO,ABEDNEGO,4,2025-07-09
A00765,BIASHARA6W,C02830,2025-06-12,5000,JOHN,PATRICK,6,2025-07-24
A00766,BIASHARA6W,C02060,2025-06-12,5000,JOHN,PATRICK,6,2025-07-24
A00767,BIASHARA6W,C02070,2025-06-13,5000,MAGDALENE,JWAMBUA,6,2025-07-25
A00768,BIASHARA6W,C02160,2025-06-12,5000,JOSEPH,JOSEPH,6,2025-07-24
A00769,INUKA6WKS,C02080,2025-06-12,7000,ABEDNEGO,ABEDNEGO,6,2025-07-24
A00771,BIASHARA6W,C02170,2025-06-13,5000,JOSEPH,JOSEPH,6,2025-07-25
A00772,INUKA6WKS,C01190,2025-06-13,7000,ABEDNEGO,ABEDNEGO,6,2025-07-25
A00773,BIASHARA4W,C02270,2025-06-13,5000,ABEDNEGO,ABEDNEGO,4,2025-06-06
A00774,INUKA8WKS,C00880,2025-06-13,7000,MAGDALENE,JWAMBUA,8,2025-08-08
A00775,BIASHARA4W,C02350,2025-06-13,5000,JOHN,PATRICK,4,2025-07-11
A00776,INUKA6WKS,C00970,2025-06-13,7000,JOHN,PATRICK,6,2025-07-25
A00778,BIASHARA6W,C02860,2025-06-13,5000,JOSEPH,JOSEPH,6,2025-07-25
A00779,INUKA 4WKS,C02530,2025-06-16,7000,ABEDNEGO,ABEDNEGO,4,2025-07-14
A00780,BIASHARA6W,C02150,2025-06-16,5000,ABEDNEGO,ABEDNEGO,6,2025-07-28
A00781,BIASHARA4W,C02040,2025-06-16,5000,JOHN,PATRICK,4,2025-07-14
A00782,BIASHARA6W,C02250,2025-06-16,5000,JOSEPH,JOSEPH,6,2025-07-28
A00783,BIASHARA6W,C02260,2025-06-16,5000,JOSEPH,JOSEPH,6,2025-07-28
A00786,BIASHARA4W,C02100,2025-06-16,5000,JOHN,PATRICK,4,2025-07-14
A00787,BIASHARA4W,C01790,2025-06-16,5000,JOHN,PATRICK,4,2025-07-14
A00788,BIASHARA6W,C02870,2025-06-16,5000,JOHN,PATRICK,6,2025-07-28
A00789,INUKA6WKS,C02880,2025-06-16,7000,ABEDNEGO,ABEDNEGO,6,2025-07-28
A00790,INUKA 4WKS,C01000,2025-06-17,10000,MAGDALENE,JWAMBUA,4,2025-07-15
A00791,BIASHARA4W,C02410,2025-06-17,5000,ABEDNEGO,ABEDNEGO,4,2025-07-15
A00792,BIASHARA4W,C01220,2025-06-17,5000,MAGDALENE,JWAMBUA,4,2025-07-15
A00793,BIASHARA6W,C02300,2025-06-17,5000,JOSEPH,JOSEPH,6,2025-07-29
A00794,INUKA 4WKS,C02440,2025-06-17,7000,JOSEPH,JOSEPH,4,2025-07-15
A00795,BIASHARA6W,C01700,2025-06-17,5000,JOSEPH,JOSEPH,6,2025-07-29
A00796,BIASHARA4W,C02660,2025-06-19,5000,ABEDNEGO,ABEDNEGO,4,2025-07-17
A00799,BIASHARA6W,C01810,2025-06-17,5000,MAGDALENE,JWAMBUA,6,2025-07-29
A00800,BIASHARA4W,C02890,2025-06-17,5000,ABEDNEGO,ABEDNEGO,4,2025-07-15
A00801,BIASHARA6W,C02380,2025-06-17,5000,JOHN,PATRICK,6,2025-07-29
A00802,BIASHARA4W,C01980,2025-06-18,5000,ABEDNEGO,ABEDNEGO,4,2025-07-16
A00803,INUKA 4WKS,C00740,2025-06-17,8000,JOHN,PATRICK,4,2025-07-15
A00805,INUKA 4WKS,C02910,2025-06-19,7000,JOSEPH,JOSEPH,4,2025-07-17
A00806,INUKA 4WKS,C01710,2025-06-18,10000,ABEDNEGO,ABEDNEGO,4,2025-07-16
A00807,INUKA6WKS,C00620,2025-06-18,9000,JOSEPH,JOSEPH,6,2025-07-30
A00809,BIASHARA6W,C02900,2025-06-19,5000,JOSEPH,JOSEPH,6,2025-07-31
A00810,BIASHARA6W,C01830,2025-06-19,5000,MAGDALENE,JWAMBUA,6,2025-07-31
A00811,BIASHARA4W,C01820,2025-06-19,5000,MAGDALENE,JWAMBUA,4,2025-07-17
A00812,INUKA 4WKS,C01920,2025-06-19,6000,MAGDALENE,JWAMBUA,4,2025-07-17
A00813,BIASHARA4W,C00770,2025-06-19,5000,MAGDALENE,JWAMBUA,4,2025-07-17
A00814,BIASHARA6W,C02470,2025-06-19,5000,ABEDNEGO,ABEDNEGO,6,2025-07-31
A00816,BIASHARA4W,C02920,2025-06-19,5000,ABEDNEGO,ABEDNEGO,4,2025-07-17
A00817,INUKA8WKS,C02220,2025-06-20,7000,JOSEPH,JOSEPH,8,2025-08-15
A00818,INUKA6WKS,C02230,2025-06-20,7000,MAGDALENE,JWAMBUA,6,2025-08-01
A00819,INUKA6WKS,C01130,2025-06-20,10000,ABEDNEGO,ABEDNEGO,6,2025-08-01
A00820,INUKA6WKS,C01160,2025-06-20,7000,JOSEPH,JOSEPH,6,2025-08-01
A00821,BIASHARA6W,C02500,2025-06-20,5000,JOHN,PATRICK,6,2025-08-01
A00826,BIASHARA4W,C00850,2025-06-20,5000,MAGDALENE,JWAMBUA,4,2025-07-18
A00827,BIASHARA4W,C00830,2025-06-20,5000,MAGDALENE,JWAMBUA,4,2025-07-18
A00828,BIASHARA6W,C01120,2025-06-20,5000,ABEDNEGO,ABEDNEGO,6,2025-08-01
A00830,INUKA6WKS,C02940,2025-06-20,7000,MAGDALENE,JWAMBUA,6,2025-08-01
A00831,BIASHARA4W,C02950,2025-06-20,5000,ABEDNEGO,ABEDNEGO,4,2025-07-18
A00832,BIASHARA4W,C02970,2025-06-20,5000,JOSEPH,JOSEPH,4,2025-07-18
A00833,BIASHARA6W,C02930,2025-06-20,5000,MAGDALENE,JWAMBUA,6,2025-08-01
A00834,BIASHARA6W,C02960,2025-06-20,5000,JOHN,PATRICK,6,2025-08-01
A00835,BIASHARA4W,C02110,2025-06-23,5000,ABEDNEGO,ABEDNEGO,4,2025-07-21
A00836,INUKA 4WKS,C00840,2025-06-23,9000,MAGDALENE,JWAMBUA,4,2025-07-21
A00837,BIASHARA4W,C02370,2025-06-23,5000,ABEDNEGO,ABEDNEGO,4,2025-07-21
A00840,INUKA 4WKS,C00710,2025-06-23,8000,MAGDALENE,JWAMBUA,4,2025-07-21
A00841,INUKA6WKS,C02450,2025-06-23,7000,JOSEPH,JOSEPH,6,2025-08-04
A00842,BIASHARA6W,C02480,2025-06-23,5000,ABEDNEGO,ABEDNEGO,6,2025-08-04
A00848,INUKA 4WKS,C02550,2025-06-23,7000,MAGDALENE,JWAMBUA,4,2025-07-21
A00849,BIASHARA4W,C02980,2025-06-23,5000,MAGDALENE,JWAMBUA,4,2025-07-21
A00850,BIASHARA4W,C02990,2025-06-23,5000,ABEDNEGO,ABEDNEGO,4,2025-07-21
A00851,INUKA8WKS,C03010,2025-06-23,6000,JOSEPH,JOSEPH,8,2025-08-18
A00852,BIASHARA6W,C03000,2025-06-23,5000,JOHN,PATRICK,6,2025-08-04
A00853,BIASHARA4W,C02700,2025-06-24,5000,ABEDNEGO,ABEDNEGO,4,2025-07-22
A00854,BIASHARA4W,C01960,2025-06-24,5000,JOHN,PATRICK,4,2025-07-22
A00855,INUKA 4WKS,C02630,2025-06-24,7000,ABEDNEGO,ABEDNEGO,4,2025-07-22
A00856,BIASHARA4W,C02610,2025-06-24,5000,ABEDNEGO,ABEDNEGO,4,2025-07-22
A00857,BIASHARA4W,C02180,2025-06-24,5000,JOHN,PATRICK,4,2025-07-22
A00858,INUKA 4WKS,C02690,2025-06-24,7000,JOHN,PATRICK,4,2025-07-22
A00861,BIASHARA4W,C03020,2025-06-24,5000,MAGDALENE,JWAMBUA,4,2025-07-22
A00862,BIASHARA6W,C03030,2025-06-24,5000,JOHN,PATRICK,6,2025-08-05
A00863,INUKA6WKS,C01100,2025-06-25,10000,ABEDNEGO,ABEDNEGO,6,2025-08-06
A00864,INUKA 4WKS,C02050,2025-06-24,8000,MAGDALENE,JWAMBUA,4,2025-07-22
A00865,INUKA8WKS,C01620,2025-06-25,7000,JOSEPH,JOSEPH,8,2025-08-20
A00866,BIASHARA4W,C02520,2025-06-25,5000,MAGDALENE,JWAMBUA,4,2025-07-23
A00867,INUKA6WKS,C02560,2025-06-25,7000,JOHN,PATRICK,6,2025-08-06
A00868,BIASHARA6W,C01420,2025-06-25,5000,MAGDALENE,JWAMBUA,6,2025-08-06
A00869,BIASHARA4W,C03040,2025-06-25,5000,JOHN,PATRICK,4,2025-07-23
A00871,BIASHARA6W,C00930,2025-06-25,5000,JOSEPH,JOSEPH,6,2025-08-06
A00872,INUKA 4WKS,C03050,2025-06-25,7000,JOSEPH,JOSEPH,4,2025-07-23
A00875,BIASHARA6W,C01680,2025-06-25,5000,JOSEPH,JOSEPH,6,2025-08-06
A00876,INUKA6WKS,C00810,2025-06-25,7000,JOHN,PATRICK,6,2025-08-06
A00877,BIASHARA4W,C02360,2025-06-25,5000,JOSEPH,JOSEPH,4,2025-07-23
A00878,INUKA6WKS,C01030,2025-06-26,7000,MAGDALENE,JWAMBUA,6,2025-08-07
A00879,INUKA8WKS,C00950,2025-06-27,7000,MAGDALENE,JWAMBUA,8,2025-08-22
A00882,BIASHARA6W,C03070,2025-06-26,5000,JOHN,PATRICK,6,2025-08-07
A00883,INUKA6WKS,C03060,2025-06-26,6000,JOSEPH,JOSEPH,6,2025-08-07
A00884,BIASHARA4W,C02620,2025-06-27,5000,ABEDNEGO,ABEDNEGO,4,2025-07-25
A00885,INUKA 4WKS,C00890,2025-06-27,7000,JOSEPH,JOSEPH,4,2025-07-25
A00886,BIASHARA4W,C01860,2025-06-27,5000,JOHN,PATRICK,4,2025-07-25
A00887,BIASHARA4W,C02710,2025-06-27,5000,ABEDNEGO,ABEDNEGO,4,2025-07-25
A00888,BIASHARA6W,C01040,2025-06-27,5000,JOHN,PATRICK,6,2025-08-08
A00890,INUKA6WKS,C01400,2025-06-27,7000,JOSEPH,JOSEPH,6,2025-08-08
A00892,INUKA6WKS,C00530,2025-06-30,7000,JOHN,PATRICK,6,2025-08-11
A00893,BIASHARA6W,C03080,2025-06-30,5000,JOHN,PATRICK,6,2025-08-11
A00894,BIASHARA4W,C00520,2025-06-30,5000,MAGDALENE,JWAMBUA,4,2025-07-28
A00895,BIASHARA4W,C02740,2025-06-30,5000,ABEDNEGO,ABEDNEGO,4,2025-07-28
A00896,BIASHARA6W,C02460,2025-06-30,5000,ABEDNEGO,ABEDNEGO,6,2025-08-11
A00897,INUKA 4WKS,C02440,2025-07-01,9000,JOSEPH,JOSEPH,4,2025-07-29
A00898,INUKA 4WKS,C01740,2025-07-01,7000,ABEDNEGO,ABEDNEGO,4,2025-07-29
A00899,BIASHARA4W,C00820,2025-07-01,5000,JOHN,PATRICK,4,2025-07-29
A00900,INUKA6WKS,C02670,2025-07-01,7000,JOSEPH,JOSEPH,6,2025-08-12
A00901,BIASHARA4W,C02780,2025-07-02,5000,ABEDNEGO,ABEDNEGO,4,2025-07-30
A00902,INUKA6WKS,C02390,2025-07-01,6000,JOSEPH,JOSEPH,6,2025-08-12
A00903,BIASHARA4W,C02040,2025-07-08,5000,JOHN,PATRICK,4,2025-08-05
A00904,INUKA 4WKS,C01590,2025-07-02,7000,ABEDNEGO,ABEDNEGO,4,2025-07-30
A00905,BIASHARA4W,C00500,2025-07-02,5000,JOHN,PATRICK,4,2025-07-30
A00906,INUKA 4WKS,C02730,2025-07-02,7000,ABEDNEGO,ABEDNEGO,4,2025-07-30
A00907,BIASHARA4W,C01200,2025-07-03,5000,JOHN,PATRICK,4,2025-07-31
A00908,BIASHARA6W,C02420,2025-07-03,5000,MAGDALENE,JWAMBUA,6,2025-08-14
A00909,BIASHARA6W,C00570,2025-07-03,5000,MAGDALENE,JWAMBUA,6,2025-08-14
A00910,INUKA6WKS,C00590,2025-07-03,6000,JOHN,PATRICK,6,2025-08-14
A00911,BIASHARA4W,C01650,2025-07-04,5000,ABEDNEGO,ABEDNEGO,4,2025-08-01
A00912,INUKA 4WKS,C00750,2025-07-04,7000,MAGDALENE,JWAMBUA,4,2025-08-01
A00913,BIASHARA4W,C02810,2025-07-04,5000,JOHN,PATRICK,4,2025-08-01
A00914,INUKA6WKS,C01090,2025-07-04,7000,MAGDALENE,JWAMBUA,6,2025-08-15
A00915,BIASHARA4W,C02580,2025-07-04,5000,MAGDALENE,JWAMBUA,4,2025-08-01
A00916,INUKA6WKS,C01340,2025-07-04,7000,ABEDNEGO,ABEDNEGO,6,2025-08-15
A00917,BIASHARA4W,C02750,2025-07-04,5000,JOSEPH,JOSEPH,4,2025-08-01
A00919,BIASHARA6W,C03090,2025-07-04,5000,ABEDNEGO,ABEDNEGO,6,2025-08-15
A00920,INUKA 4WKS,C01370,2025-07-07,7000,ABEDNEGO,ABEDNEGO,4,2025-08-04
A00925,INUKA 4WKS,C02370,2025-07-07,7000,ABEDNEGO,ABEDNEGO,4,2025-08-04
A00927,INUKA6WKS,C01350,2025-07-07,7000,JOHN,PATRICK,6,2025-08-18
A00928,BIASHARA4W,C03110,2025-07-07,5000,ABEDNEGO,ABEDNEGO,4,2025-08-04
A00929,INUKA 4WKS,C03130,2025-07-07,7000,JOSEPH,JOSEPH,4,2025-08-04
A00931,BIASHARA6W,C02290,2025-07-07,5000,JOHN,PATRICK,6,2025-08-18
A00932,INUKA 4WKS,C01910,2025-07-08,7000,JOHN,PATRICK,4,2025-08-05
A00933,INUKA 4WKS,C02240,2025-07-08,7000,JOHN,PATRICK,4,2025-08-05
A00934,BIASHARA6W,C01260,2025-05-15,5000,ABEDNEGO,ABEDNEGO,6,2025-06-26
A00935,BIASHARA6W,C02490,2025-07-01,5000,JOHN,PATRICK,6,2025-08-12
A00937,BIASHARA6W,C02130,2025-07-08,5000,ABEDNEGO,ABEDNEGO,6,2025-08-19
A00938,BIASHARA4W,C03140,2025-07-09,5000,ABEDNEGO,ABEDNEGO,4,2025-08-06
A00939,BIASHARA4W,C01790,2025-07-09,5000,JOHN,PATRICK,4,2025-08-06
A00940,BIASHARA4W,C02700,2025-07-09,5000,ABEDNEGO,ABEDNEGO,4,2025-08-06
A00941,INUKA 4WKS,C01980,2025-07-09,7000,ABEDNEGO,ABEDNEGO,4,2025-08-06
A00942,INUKA 4WKS,C02530,2025-07-09,7000,ABEDNEGO,ABEDNEGO,4,2025-08-06
A00943,BIASHARA6W,C02590,2025-07-09,5000,MAGDALENE,JWAMBUA,6,2025-08-20
A00944,INUKA6WKS,C01940,2025-07-09,8000,JOHN,PATRICK,6,2025-08-20
A00946,INUKA 4WKS,C01710,2025-07-10,10000,ABEDNEGO,ABEDNEGO,4,2025-08-07
A00947,BIASHARA6W,C02600,2025-07-10,5000,ABEDNEGO,ABEDNEGO,6,2025-08-21
A00948,INUKA6WKS,C01330,2025-07-10,10000,ABEDNEGO,ABEDNEGO,6,2025-08-21
A00949,INUKA8WKS,C00550,2025-07-10,6000,JOSEPH,JOSEPH,8,2025-09-04
A00950,INUKA6WKS,C02850,2025-07-11,7000,JOSEPH,JOSEPH,6,2025-08-22
A00951,INUKA 4WKS,C01580,2025-07-11,9000,JOSEPH,JOSEPH,4,2025-08-08
A00952,INUKA 4WKS,C00740,2025-07-11,8000,JOHN,PATRICK,4,2025-08-08
A00953,BIASHARA4W,C02950,2025-07-11,5000,ABEDNEGO,ABEDNEGO,4,2025-08-08
A00954,INUKA6WKS,C02200,2025-07-11,6000,MAGDALENE,JWAMBUA,6,2025-08-22
A00957,BIASHARA4W,C02270,2025-07-11,5000,ABEDNEGO,ABEDNEGO,4,2025-08-08
A00958,BIASHARA6W,C01430,2025-07-11,5000,JOSEPH,JOSEPH,6,2025-08-22
A00959,BIASHARA4W,C03150,2025-07-11,5000,MAGDALENE,JWAMBUA,4,2025-08-08
A00960,BIASHARA6W,C03160,2025-07-11,5000,JOSEPH,JOSEPH,6,2025-08-22
A00963,BIASHARA4W,C02680,2025-07-14,5000,JOHN,JOHN,4,2025-08-11
A00964,INUKA6WKS,C01070,2025-07-14,7000,ABEDNEGO,ABEDNEGO,6,2025-08-25
A00965,BIASHARA6W,C01970,2025-07-14,5000,JOSEPH,JOSEPH,6,2025-08-25
A00966,INUKA8WKS,C01270,2025-07-14,8000,JOSEPH,JOSEPH,8,2025-09-08
A00967,INUKA 4WKS,C00840,2025-07-14,9000,MAGDALENE,MAGDALENE,4,2025-08-11
A00968,INUKA 4WKS,C02550,2025-07-14,7000,MAGDALENE,MAGDALENE,4,2025-08-11
A00970,INUKA 4WKS,C03170,2025-07-14,7000,JOSEPH,JOSEPH,4,2025-08-11
A00971,INUKA 4WKS,C00710,2025-07-14,8000,MAGDALENE,MAGDALENE,4,2025-08-11
A00972,INUKA6WKS,C02410,2025-07-14,7000,ABEDNEGO,ABEDNEGO,6,2025-08-25
A00973,BIASHARA4W,C02990,2025-07-15,5000,ABEDNEGO,ABEDNEGO,4,2025-08-12
A00974,INUKA 4WKS,C02110,2025-07-15,7000,ABEDNEGO,ABEDNEGO,4,2025-08-12
A00975,INUKA6WKS,C02100,2025-07-15,7000,JOHN,JOHN,6,2025-08-26
A00976,BIASHARA4W,C03180,2025-07-15,5000,JOSEPH,JOSEPH,4,2025-08-12
A00977,BIASHARA4W,C02890,2025-07-15,5000,ABEDNEGO,ABEDNEGO,4,2025-08-12
A00978,BIASHARA4W,C03200,2025-07-15,5000,ABEDNEGO,ABEDNEGO,4,2025-08-12
A00979,INUKA6WKS,C03190,2025-07-15,7000,ABEDNEGO,ABEDNEGO,6,2025-08-26
A00980,BIASHARA6W,C02160,2025-07-16,5000,JOSEPH,JOSEPH,6,2025-08-27
A00981,INUKA 4WKS,C02710,2025-07-16,7000,ABEDNEGO,ABEDNEGO,4,2025-08-13
A00982,BIASHARA4W,C02920,2025-07-16,5000,ABEDNEGO,ABEDNEGO,4,2025-08-13
A00983,BIASHARA4W,C02980,2025-07-16,5000,MAGDALENE,MAGDALENE,4,2025-08-13
A00984,BIASHARA4W,C00830,2025-07-16,5000,MAGDALENE,MAGDALENE,4,2025-08-13
A00985,BIASHARA4W,C03210,2025-07-16,5000,JOSEPH,JOSEPH,4,2025-08-13
A00986,INUKA6WKS,C01690,2025-07-17,7000,JOSEPH,JOSEPH,6,2025-08-28
A00987,INUKA8WKS,C01320,2025-07-17,8000,JOSEPH,JOSEPH,8,2025-09-11
A00988,BIASHARA6W,C02500,2025-07-17,5000,JOHN,JOHN,6,2025-08-28
A00989,INUKA 4WKS,C00890,2025-07-17,7000,JOSEPH,JOSEPH,4,2025-08-14
A00990,INUKA 4WKS,C02630,2025-07-17,8000,ABEDNEGO,ABEDNEGO,4,2025-08-14
A00991,BIASHARA6W,C02150,2025-07-17,5000,ABEDNEGO,ABEDNEGO,6,2025-08-28
A00992,INUKA6WKS,C03220,2025-07-17,7000,ABEDNEGO,ABEDNEGO,6,2025-08-28
A00993,INUKA 4WKS,C01920,2025-07-17,6000,MAGDALENE,MAGDALENE,4,2025-08-14
A00994,BIASHARA6W,C02170,2025-07-18,5000,JOSEPH,JOSEPH,6,2025-08-29
A00995,INUKA6WKS,C01280,2025-07-18,10000,ABEDNEGO,ABEDNEGO,6,2025-08-29
A00996,INUKA6WKS,C02720,2025-07-18,7000,JOSEPH,JOSEPH,6,2025-08-29
A00999,BIASHARA4W,C00770,2025-07-18,5000,MAGDALENE,MAGDALENE,4,2025-08-15
A01000,INUKA 4WKS,C01060,2025-07-18,6000,ABEDNEGO,ABEDNEGO,4,2025-08-15
A01006,BIASHARA6W,C00780,2025-07-18,5000,MAGDALENE,MAGDALENE,6,2025-08-29
A01007,INUKA6WKS,C00660,2025-07-18,8000,JOHN,JOHN,6,2025-08-29
A01008,INUKA6WKS,C02610,2025-07-18,7000,ABEDNEGO,ABEDNEGO,6,2025-08-29
A01009,INUKA6WKS,C01500,2025-07-18,8000,MAGDALENE,MAGDALENE,6,2025-08-29
A01012,BIASHARA4W,C02860,2025-07-21,5000,JOSEPH,JOSEPH,4,2025-08-18
A01013,BIASHARA4W,C03250,2025-07-21,5000,ABEDNEGO,ABEDNEGO,4,2025-08-18
A01014,BIASHARA4W,C03260,2025-07-21,5000,ABEDNEGO,ABEDNEGO,4,2025-08-18
A01015,BIASHARA4W,C02660,2025-07-21,5000,ABEDNEGO,ABEDNEGO,4,2025-08-18
A01016,BIASHARA6W,C02960,2025-07-21,5000,JOHN,JOHN,6,2025-09-01
A01017,INUKA6WKS,C00620,2025-07-21,10000,JOSEPH,JOSEPH,6,2025-09-01
A01018,BIASHARA6W,C02470,2025-07-21,5000,ABEDNEGO,ABEDNEGO,6,2025-09-01
A01019,BIASHARA4W,C00820,2025-07-21,5000,JOHN,JOHN,4,2025-08-18
A01020,BIASHARA4W,C02970,2025-07-21,5000,JOSEPH,JOSEPH,4,2025-08-18
A01021,BIASHARA6W,C02380,2025-07-21,5000,JOHN,JOHN,6,2025-09-01
A01022,BIASHARA6W,C02250,2025-07-21,5000,JOSEPH,JOSEPH,6,2025-09-01
A01023,BIASHARA4W,C03040,2025-07-21,5000,JOHN,JOHN,4,2025-08-18
A01025,BIASHARA4W,C03270,2025-07-21,5000,JOHN,JOHN,4,2025-08-18
A01026,BIASHARA4W,C02400,2025-07-21,5000,ABEDNEGO,ABEDNEGO,4,2025-08-18
A01027,INUKA 4WKS,C02690,2025-07-22,7000,JOHN,JOHN,4,2025-08-19
A01028,INUKA 4WKS,C02440,2025-07-22,9000,JOSEPH,JOSEPH,4,2025-08-19
A01029,INUKA6WKS,C02360,2025-07-22,7000,JOSEPH,JOSEPH,6,2025-09-02
A01031,INUKA 4WKS,C02050,2025-07-22,8000,MAGDALENE,MAGDALENE,4,2025-08-19
A01032,BIASHARA6W,C01810,2025-07-22,5000,MAGDALENE,MAGDALENE,6,2025-09-02
A01033,INUKA6WKS,C01740,2025-07-22,9000,ABEDNEGO,ABEDNEGO,6,2025-09-02
A01034,INUKA 4WKS,C02880,2025-07-22,7000,ABEDNEGO,ABEDNEGO,4,2025-08-19
A01037,BIASHARA6W,C03290,2025-07-22,5000,JOSEPH,JOSEPH,6,2025-09-02
A01038,BIASHARA6W,C01830,2025-07-22,5000,MAGDALENE,MAGDALENE,6,2025-09-02
A01039,INUKA 4WKS,C03280,2025-07-22,7000,JOSEPH,JOSEPH,4,2025-08-19
A01040,BIASHARA4W,C02180,2025-07-23,5000,JOHN,JOHN,4,2025-08-20
A01041,INUKA6WKS,C02190,2025-07-23,7000,JOHN,JOHN,6,2025-09-03
A01042,BIASHARA4W,C02520,2025-07-23,5000,MAGDALENE,MAGDALENE,4,2025-08-20
A01043,BIASHARA4W,C02700,2025-07-23,5000,ABEDNEGO,ABEDNEGO,4,2025-08-20
A01045,INUKA6WKS,C01640,2025-07-24,8000,ABEDNEGO,ABEDNEGO,6,2025-09-04
A01046,BIASHARA6W,C01700,2025-07-24,5000,JOSEPH,JOSEPH,6,2025-09-04
A01047,BIASHARA6W,C02830,2025-07-24,5000,JOHN,JOHN,6,2025-09-04
A01048,BIASHARA6W,C02060,2025-07-24,5000,JOHN,JOHN,6,2025-09-04
A01049,BIASHARA4W,C01820,2025-07-24,5000,MAGDALENE,MAGDALENE,4,2025-08-21
A01051,BIASHARA4W,C03310,2025-07-24,5000,JOHN,JOHN,4,2025-08-21
A01052,BIASHARA4W,C03300,2025-07-24,5000,JOSEPH,JOSEPH,4,2025-08-21
A01053,BIASHARA4W,C01650,2025-07-25,5000,ABEDNEGO,ABEDNEGO,4,2025-08-22
A01054,BIASHARA4W,C02620,2025-07-25,5000,ABEDNEGO,ABEDNEGO,4,2025-08-22
A01055,BIASHARA4W,C02740,2025-07-25,5000,ABEDNEGO,ABEDNEGO,4,2025-08-22
A01057,BIASHARA4W,C03320,2025-07-25,5000,MAGDALENE,MAGDALENE,4,2025-08-22
A01058,BIASHARA4W,C02820,2025-07-25,5000,ABEDNEGO,ABEDNEGO,4,2025-08-22
A01062,INUKA 4WKS,C03330,2025-07-25,7000,JOHN,JOHN,4,2025-08-22
A01063,INUKA 4WKS,C03350,2025-07-25,7000,ABEDNEGO,ABEDNEGO,4,2025-08-22
A01064,BIASHARA6W,C03340,2025-07-25,5000,JOHN,JOHN,6,2025-09-05
A01065,INUKA 4WKS,C02370,2025-07-28,7000,ABEDNEGO,ABEDNEGO,4,2025-08-25
A01066,INUKA6WKS,C01100,2025-07-28,10000,ABEDNEGO,ABEDNEGO,6,2025-09-08
A01067,INUKA6WKS,C02670,2025-07-31,9000,JOSEPH,JOSEPH,6,2025-08-28
A01068,BIASHARA4W,C02750,2025-07-28,5000,JOSEPH,JOSEPH,4,2025-08-25
A01069,BIASHARA6W,C02480,2025-07-28,5000,ABEDNEGO,ABEDNEGO,6,2025-09-08
A01070,BIASHARA6W,C02260,2025-07-28,5000,JOSEPH,JOSEPH,6,2025-09-08
A01071,INUKA 4WKS,C00720,2025-07-28,8000,JOHN,JOHN,4,2025-08-25
A01072,INUKA6WKS,C02020,2025-07-28,7000,JOSEPH,JOSEPH,6,2025-09-08
A01073,BIASHARA4W,C02810,2025-07-28,5000,JOHN,JOHN,4,2025-08-25
A01077,BIASHARA4W,C03370,2025-07-28,5000,ABEDNEGO,ABEDNEGO,4,2025-08-25
A01078,BIASHARA4W,C03380,2025-07-28,5000,MAGDALENE,MAGDALENE,4,2025-08-25
A01079,BIASHARA6W,C02300,2025-07-28,5000,JOSEPH,JOSEPH,6,2025-09-08
A01080,BIASHARA4W,C00500,2025-07-29,5000,JOHN,JOHN,4,2025-08-26
A01081,INUKA 4WKS,C01980,2025-07-29,7000,ABEDNEGO,ABEDNEGO,4,2025-08-26
A01082,INUKA8WKS,C01400,2025-07-29,9000,JOSEPH,JOSEPH,8,2025-09-23
A01083,BIASHARA6W,C02650,2025-07-29,5000,ABEDNEGO,ABEDNEGO,6,2025-09-09
A01084,INUKA 4WKS,C01590,2025-07-30,8000,ABEDNEGO,ABEDNEGO,4,2025-08-27
A01085,INUKA6WKS,C01790,2025-07-30,6000,JOHN,JOHN,6,2025-09-10
A01086,BIASHARA4W,C03140,2025-07-30,5000,ABEDNEGO,ABEDNEGO,4,2025-08-27
A01087,INUKA6WKS,C02230,2025-07-30,7000,MAGDALENE,MAGDALENE,6,2025-09-10
A01088,BIASHARA4W,C02580,2025-07-30,5000,MAGDALENE,MAGDALENE,4,2025-08-27
A01089,INUKA 4WKS,C00750,2025-07-30,7000,MAGDALENE,MAGDALENE,4,2025-08-27
A01090,BIASHARA4W,C02780,2025-07-30,5000,ABEDNEGO,ABEDNEGO,4,2025-08-27
A01091,INUKA8WKS,C02070,2025-07-30,7000,MAGDALENE,MAGDALENE,8,2025-09-24
A01092,INUKA 4WKS,C01370,2025-07-30,8000,ABEDNEGO,ABEDNEGO,4,2025-08-27
A01093,INUKA6WKS,C01030,2025-07-31,7000,MAGDALENE,MAGDALENE,6,2025-09-11
A01094,BIASHARA4W,C00520,2025-07-31,5000,MAGDALENE,MAGDALENE,4,2025-08-28
A01095,BIASHARA4W,C03200,2025-07-31,5000,ABEDNEGO,ABEDNEGO,4,2025-08-28
A01096,INUKA 4WKS,C02110,2025-07-31,7000,ABEDNEGO,ABEDNEGO,4,2025-08-28
A01097,BIASHARA4W,C01200,2025-07-31,5000,JOHN,JOHN,4,2025-08-28
A01098,INUKA 4WKS,C01300,2025-07-31,10000,JOHN,JOHN,4,2025-08-28
A01100,INUKA 4WKS,C02730,2025-07-31,8000,ABEDNEGO,ABEDNEGO,4,2025-08-28
A01101,BIASHARA4W,C03390,2025-08-01,5000,JOSEPH,JOSEPH,4,2025-08-29
A01102,INUKA 4WKS,C02530,2025-08-01,9000,ABEDNEGO,ABEDNEGO,4,2025-08-29
A01103,BIASHARA6W,C02870,2025-08-01,5000,JOHN,JOHN,6,2025-09-12
A01104,BIASHARA6W,C01120,2025-08-01,5000,ABEDNEGO,ABEDNEGO,6,2025-09-12
A01105,INUKA6WKS,C00930,2025-08-01,7000,JOSEPH,JOSEPH,6,2025-09-12
A01106,INUKA6WKS,C02550,2025-08-04,9000,MAGDALENE,MAGDALENE,6,2025-09-15
A01107,BIASHARA4W,C02040,2025-08-04,5000,JOHN,JOHN,4,2025-09-01
A01108,INUKA 4WKS,C01580,2025-08-04,9000,JOSEPH,JOSEPH,4,2025-09-01
A01109,INUKA6WKS,C00890,2025-08-04,9000,JOSEPH,JOSEPH,6,2025-09-15
A01111,BIASHARA4W,C03400,2025-08-04,5000,JOHN,JOHN,4,2025-09-01
A01112,BIASHARA4W,C02990,2025-08-05,5000,ABEDNEGO,ABEDNEGO,4,2025-09-02
A01113,BIASHARA6W,C00570,2025-08-05,5000,MAGDALENE,MAGDALENE,6,2025-09-16
A01114,BIASHARA4W,C02680,2025-08-05,5000,JOHN,JOHN,4,2025-09-02
A01115,INUKA 4WKS,C01910,2025-08-05,7000,JOHN,JOHN,4,2025-09-02
A01116,BIASHARA6W,C01680,2025-08-05,5000,JOSEPH,JOSEPH,6,2025-09-16
A01117,BIASHARA4W,C00580,2025-08-05,5000,JOHN,JOHN,4,2025-09-02
A01118,INUKA6WKS,C02980,2025-08-05,6000,MAGDALENE,MAGDALENE,6,2025-09-16
A01119,INUKA8WKS,C01510,2025-08-05,7000,MAGDALENE,MAGDALENE,8,2025-09-30
A01121,INUKA 4WKS,C02440,2025-08-05,9000,JOSEPH,JOSEPH,4,2025-09-02
A01122,BIASHARA4W,C02350,2025-08-05,5000,JOHN,JOHN,4,2025-09-02
A01123,BIASHARA4W,C03110,2025-08-05,5000,ABEDNEGO,ABEDNEGO,4,2025-09-02
A01124,BIASHARA6W,C03410,2025-08-05,5000,JOSEPH,JOSEPH,6,2025-09-16
A01125,INUKA8WKS,C00640,2025-08-05,9000,JOSEPH,JOSEPH,8,2025-09-30
A01126,INUKA8WKS,C03010,2025-08-06,6000,JOSEPH,JOSEPH,8,2025-10-01
A01127,BIASHARA4W,C02950,2025-08-06,5000,ABEDNEGO,ABEDNEGO,4,2025-09-03
A01128,INUKA 4WKS,C01710,2025-08-06,10000,ABEDNEGO,ABEDNEGO,4,2025-09-03
A01129,BIASHARA4W,C03210,2025-08-06,5000,JOSEPH,JOSEPH,4,2025-09-03
A01130,BIASHARA6W,C03070,2025-08-06,5000,JOHN,JOHN,6,2025-09-17
A01131,BIASHARA6W,C02930,2025-08-06,5000,MAGDALENE,MAGDALENE,6,2025-09-17
A01132,INUKA 4WKS,C02710,2025-08-07,7000,ABEDNEGO,ABEDNEGO,4,2025-09-04
A01137,BIASHARA6W,C03420,2025-08-07,5000,MAGDALENE,MAGDALENE,6,2025-09-18
A01138,BIASHARA4W,C03430,2025-08-07,5000,ABEDNEGO,ABEDNEGO,4,2025-09-04
A01139,BIASHARA6W,C03440,2025-08-07,5000,MAGDALENE,MAGDALENE,6,2025-09-18
A01140,BIASHARA4W,C03450,2025-08-07,5000,ABEDNEGO,ABEDNEGO,4,2025-09-04
A01141,BIASHARA6W,C03460,2025-08-08,5000,JOSEPH,JOSEPH,6,2025-09-19
A01142,BIASHARA4W,C03150,2025-08-08,5000,MAGDALENE,MAGDALENE,4,2025-09-05
A01143,INUKA8WKS,C01620,2025-08-08,7000,JOSEPH,JOSEPH,8,2025-10-03
A01144,INUKA8WKS,C02220,2025-08-08,7000,JOSEPH,JOSEPH,8,2025-10-03
A01147,BIASHARA6W,C03470,2025-08-11,5000,JOHN,JOHN,6,2025-09-22
